10 10
9.105623272520790579e+01 -1.036741899332779759e+01 -6.006029404075252209e+00 -6.819979434299853871e+00 -5.933388040520789275e+00 -3.714606404635319770e+00 -2.769088627026897953e+00 -2.266031252368852389e+00 1.364353965573234406e+00 1.439296544837012748e+00
-1.036741899332779759e+01 8.390384879394362372e+01 -8.425060923877486729e+00 -9.566843311586273657e+00 -8.323162003248738117e+00 -5.210727947159743856e+00 -3.884386641611853097e+00 -3.178714267310092101e+00 1.913870963383700996e+00 2.018997953881191521e+00
-6.006029404075252209e+00 -8.425060923877490282e+00 8.858114953977710115e+01 -5.293201771527361821e+00 -4.494811008551032216e+00 -2.446516858152752327e+00 -1.755491920175486609e+00 -1.338572642975192295e+00 2.084321242900340820e+00 1.830763783674714817e+00
-6.819979434299851206e+00 -9.566843311586273657e+00 -5.293201771527362709e+00 7.802148418883321312e+01 -4.041921363210252416e+00 -9.195177350324468257e-01 -3.860988976281032325e-01 1.136689912077391978e-01 5.535845804348032750e+00 4.226444652371303512e+00
-5.933388040520789275e+00 -8.323162003248736340e+00 -4.494811008551033105e+00 -4.041921363210255969e+00 7.558309147633944747e+01 3.107125841226192065e-01 6.246345006221495355e-01 1.075178145805167906e+00 6.710051673172864994e+00 4.960423174917124811e+00
-3.714606404635320658e+00 -5.210727947159745632e+00 -2.446516858152752327e+00 -9.195177350324450494e-01 3.107125841226198726e-01 6.934791301451913625e+01 3.591716416622161567e+00 3.926245074759469045e+00 1.051146042324581309e+01 7.381999457939460996e+00
-2.769088627026899285e+00 -3.884386641611851321e+00 -1.755491920175483056e+00 -3.860988976281039542e-01 6.246345006221497576e-01 3.591716416622163344e+00 6.698589834826952938e+01 3.531394838125437641e+00 9.008589131989808152e+00 6.297699447068510814e+00
-2.266031252368853277e+00 -3.178714267310093433e+00 -1.338572642975190297e+00 1.136689912077381015e-01 1.075178145805168572e+00 3.926245074759470377e+00 3.531394838125434088e+00 6.509058265540176080e+01 9.055011626526606960e+00 6.294123811292199555e+00
1.364353965573232408e+00 1.913870963383701218e+00 2.084321242900340820e+00 5.535845804348032750e+00 6.710051673172864106e+00 1.051146042324581664e+01 9.008589131989806376e+00 9.055011626526606960e+00 5.593881273660654330e+01 1.108798066524254011e+01
1.439296544837010305e+00 2.018997953881191076e+00 1.830763783674714817e+00 4.226444652371303512e+00 4.960423174917126588e+00 7.381999457939462772e+00 6.297699447068509038e+00 6.294123811292199555e+00 1.108798066524254011e+01 4.187244165902461646e+01
